Date reported,Positive cases (daily),Total positive cases,Newly reported deaths (daily),Total deaths,Hospitalized in ICU (daily),"Hospitalized, not in ICU (daily)",Total hospitalizations,Total ICU hospitalizations
3/21,24,327,1,1,4,2,12,4
3/22,22,349,0,1,5,5,12,5
3/23,44,393,0,1,5,7,21,5
3/24,51,444,0,1,7,8,25,7
3/25,58,502,0,1,12,14,35,12
3/26,63,565,1,2,13,18,41,13
3/27,75,640,2,4,17,17,51,17
3/28,47,687,1,5,13,17,57,17
3/29,38,725,4,9,16,23,75,24
3/30,98,823,1,10,24,32,92,25
3/31,93,916,2,12,26,30,112,32
4/1,57,973,5,17,27,27,122,40
4/2,83,1056,1,18,38,37,138,49
4/3,63,1119,4,22,40,46,156,32
4/4,39,1158,2,24,42,53,180,69
4/5,60,1218,5,29,48,58,202,77
4/6,112,1330,1,30,57,58,223,90
4/7,103,1433,4,34,64,56,242,100
4/8,102,1535,5,39,64,71,271,105
4/9,103,1638,11,50,63,82,293,119
4/10,95,1733,7,57,64,79,317,131
4/11,74,1807,7,64,69,76,340,138
4/12,58,1865,6,70,74,83,361,146
4/13,148,2013,0,70,74,83,361,146
4/14,156,2169,9,79,75,102,405,155
4/15,156,2325,8,87,93,104,445,175
4/16,171,2496,7,94,103,110,475,188
4/17,182,2678,17,111,106,117,518,202
4/18,121,2799,10,121,111,128,561,215
4/19,126,2925,13,134,116,112,574,226
4/20,276,3201,9,143,126,111,602,241
4/21,262,3463,17,160,117,120,629,253
4/22,309,3772,19,179,107,133,660,262
4/23,525,4297,21,200,104,164,712,274
4/24,519,4816,21,221,111,167,756,281
4/25,339,5155,23,244,109,179,797,291
4/26,386,5541,28,272,115,170,829,301
4/27,680,6221,14,286,122,170,861,316
4/28,603,6824,15,301,120,194,912,324
4/29,682,7506,18,319,119,201,950,337
4/30,648,8154,24,343,130,235,1044,358
5/1,621,8775,28,371,118,251,1096,380
5/2,335,9110,24,395,135,254,1159,404
5/3,340,9450,24,419,155,218,1199,426
5/4,823,10273,9,428,166,230,1271,444
5/5,644,10917,27,455,182,252,1350,475
5/6,636,11553,29,484,180,263,1405,488
5/7,816,12369,23,507,182,253,1459,512
5/8,712,13081,26,533,198,275,1549,540
5/9,281,13362,24,557,180,296,1612,556
5/10,231,13593,20,577,199,235,1657,581
5/11,825,14418,13,590,194,258,1716,600
5/12,663,15081,23,613,199,297,1799,625
5/13,732,15813,24,637,199,295,1851,647
5/14,794,16607,25,662,203,295,1915,663
5/15,797,17404,20,682,200,298,1985,679
5/16,344,17748,17,699,225,268,2039,700
5/17,311,18059,22,721,221,266,2090,716
5/18,973,19032,9,730,229,259,2128,731
5/19,856,19888,17,747,229,316,2221,750
5/20,767,20655,29,776,212,338,2308,773
5/21,982,21637,32,808,229,337,2380,787
5/22,789,22426,33,841,233,301,2432,806
5/23,399,22825,10,851,215,353,2534,832
5/24,358,23183,17,868,207,346,2588,841
5/25,412,23595,12,880,248,357,2676,869
5/26,795,24390,18,898,258,312,2709,886
5/27,682,25072,33,931,260,338,2796,902
5/28,576,25648,35,966,242,364,2880,924
5/29,458,26106,29,995,259,333,2936,938
5/30,168,26274,30,1025,263,326,3011,960
5/31,142,26416,14,1039,257,298,3047,971
6/1,583,26999,10,1049,253,296,3086,981
6/2,486,27485,22,1071,248,289,3134,1003
6/3,522,28007,14,1085,254,283,3203,1022
6/4,405,28412,29,1114,244,268,3253,1033
6/5,411,28823,33,1147,220,258,3289,1044
6/6,163,28986,22,1169,206,267,3336,1044
6/7,138,29124,16,1185,199,251,3367,1043
6/8,479,29603,11,1196,198,254,3401,1052
6/9,460,30063,20,1216,199,256,3441,1068
6/10,404,30467,19,1235,193,234,3482,1083
6/11,345,30812,12,1247,196,215,3522,1091
6/12,308,31120,25,1272,191,212,3557,1093
6/13,153,31273,9,1281,191,199,3581,1104
6/14,150,31423,15,1296,186,183,3610,1110
6/15,400,31823,6,1302,186,167,3630,1121
6/16,412,32235,9,1311,185,172,3658,1128
6/17,430,32665,12,1323,181,170,3689,1136
6/18,388,33053,19,1342,171,174,3718,1144
6/19,340,33393,17,1359,168,171,3748,1150
6/20,219,33612,12,1371,161,163,3767,1155
6/21,196,33808,8,1379,160,162,3797,1163
6/22,485,34293,4,1383,156,176,3830,1180
6/23,590,34883,9,1392,158,181,3860,1191
6/24,513,35396,5,1397,160,180,3897,1203
6/25,487,35883,9,1406,162,174,3943,1218
6/26,527,36410,5,1411,157,178,3966,1221
6/27,281,36691,6,1417,155,145,3986,1233
6/28,241,36932,8,1425,143,145,4010,1241
6/29,588,37520,10,1435,140,138,4031,1249
6/30,587,38107,6,1441,136,134,4054,1258
7/1,637,38744,4,1445,125,135,4081,1258
7/2,570,39314,13,1458,123,151,4112,1266
7/3,421,39735,8,1466,132,138,4139,1277
7/4,103,39838,-,1466,-,-,4139,1277
7/5,279,40117,5,1471,132,121,4170,1287
7/6,757,40874,3,1474,125,133,4219,1290
7/7,696,41570,3,1477,121,146,4252,1295
7/8,774,42344,8,1485,122,143,4272,1302
7/9,729,43073,5,1490,116,135,4305,1312
7/10,734,43807,5,1495,124,103,4329,1320
7/11,272,44079,4,1499,121,120,4366,1325
7/12,346,44425,3,1502,123,128,4399,1335
7/13,683,45108,2,1504,114,133,4424,1338
7/14,742,45850,6,1510,107,129,4452,1348
7/15,694,46544,8,1518,106,148,4495,1353
7/16,698,47242,8,1526,103,146,4526,1357
7/17,510,47752,7,1533,110,142,4563,1369
7/18,204,47956,5,1538,117,148,4602,1377
7/19,240,48196,3,1541,120,138,4627,1389
7/20,431,48627,4,1545,115,132,4678,1397
7/21,84,48711,3,1548,112,154,4723,1412
7/22,4,48715,4,1552,119,154,4771,1423
